10,18
10,232
10,252
10,146
10,280
10,198
10,64
10,2
10,3
9,7
9,2
9,3
8,9
8,5
8,8
8,13
264,5
264,4
264,3
264,2
264,1
264,0
261,4
261,3
261,2
261,1
261,0
259,3
259,2
259,1
259,0
258,4
258,3
258,2
258,1
258,0
257,3
257,2
257,1
257,0
256,5
256,4
256,3
256,2
256,1
256,0
255,3
255,2
255,1
255,0
254,4
254,3
254,2
254,1
254,0
253,3
253,2
253,1
253,0
20,3
20,2
20,1
19,3
19,2
19,1
12,3
12,2
12,1
11,30
11,28
11,25
11,24
11,23
11,22
11,21
11,20
11,19
11,18
11,17
11,16
11,15
11,14
11,13
11,12
11,10
11,9
11,8
11,6
11,5
11,4
11,3
11,2
11,1
10,315
10,314
18,1
10,300
18,3
10,288
10,266
10,248
10,247
10,239
10,238
14,1
10,234
14,3
10,229
10,228
13,1
10,206
13,3
10,196
10,193
10,192
10,189
